nodes 39, edges 36
216, 288, 360
216, 405, 459
216, 960, 984
288, 540, 612
288, 1280, 1312
312, 416, 520
312, 459, 555
312, 2016, 2040
360, 675, 765
360, 1600, 1640
405, 540, 675
405, 1800, 1845
416, 612, 740
416, 2688, 2720
459, 612, 765
459, 2040, 2091
520, 765, 925
520, 3360, 3400
540, 2400, 2460
555, 740, 925
555, 2016, 2091
612, 2720, 2788
675, 3000, 3075
740, 2688, 2788
765, 3400, 3485
925, 3360, 3485
960, 1280, 1600
960, 1800, 2040
984, 1312, 1640
984, 1845, 2091
1280, 2400, 2720
1312, 2460, 2788
1600, 3000, 3400
1640, 3075, 3485
1800, 2400, 3000
1845, 2460, 3075
2016, 2688, 3360
2040, 2720, 3400
2091, 2788, 3485

nodes 27, edges 27
 [120, 160, 200]    0   1   2
 [120, 225, 255]    0   3   4
 [120, 288, 312]    0   5   6
 [160, 300, 340]    1   7   8
 [160, 384, 416]    1   9   10
 [200, 375, 425]    2   11  12
 [200, 480, 520]    2   13  14

 [225, 540, 585]    3   15  16
 [255, 612, 663]    4   17  18

 [225, 300, 375]    3   7   11
 [255, 340, 425]    4   8   12
 [288, 384, 480]    5   9   13
 [312, 416, 520]    6   10  14

 [288, 540, 612]    5   15  17
 [300, 720, 780]    7   19  20
 [312, 585, 663]    6   16  18
 [340, 816, 884]    8   21  22
 [375, 900, 975]    11  23  24
 [384, 720, 816]    9   19  21
 [416, 780, 884]    10  20  22
 [425, 1020, 1105]  12  25  26
 [480, 900, 1020]   13  23  25
 [520, 975, 1105]   14  24  26

 [540, 720, 900]    15  19  23
 [585, 780, 975]    16  20  24
 [612, 816, 1020]   17  21  25
 [663, 884, 1105]   18  22  26


nodes 18, edges 18
 [351, 468, 585]    0  1   2
 [351, 1560, 1599]  0  3   4
 [351, 2268, 2295]  0  5   6
 [468, 2080, 2132]  1  7   8
 [468, 3024, 3060]  1  9   10
 [585, 2600, 2665]  2  11  12
 [585, 3780, 3825]  2  13  14

 [1560, 2080, 2600] 3  7   11 *
 [1560, 2295, 2775] 3  6   15 x15
 [1599, 2132, 2665] 4  8   12 *
 [1599, 2268, 2775] 4  5   15 x15
 [2080, 3060, 3700] 7  10  16 x16
 [2132, 3024, 3700] 8  9   16 x16
 [2268, 3024, 3780] 5  9   13 *
 [2295, 3060, 3825] 6  10  14 *
 [2600, 3825, 4625] 11 14  17 x17
 [2665, 3780, 4625] 12 13  17 x17

 [2775, 3700, 4625] 15 16  17


nodes 6, edges 9
 15 20 25   0 1 2
 15 36 39   0 3 4
 20 48 52   1 5 6
 25 60 65   2 7 8
 36 48 60   3 5 7
 39 52 65   4 6 8
